% time     seconds  usecs/call     calls    errors syscall
------ ----------- ----------- --------- --------- ----------------
 29,74    0,000375          93         4           mprotect
 27,91    0,000352          88         4           openat
  8,64    0,000109          36         3           brk
  8,33    0,000105          26         4           close
  6,19    0,000078          78         1           prlimit64
  5,63    0,000071          71         1           munmap
  4,92    0,000062          31         2           read
  4,36    0,000055          55         1           getrandom
  4,28    0,000054          18         3           newfstatat
  0,00    0,000000           0         8           mmap
  0,00    0,000000           0         4           pread64
  0,00    0,000000           0         1         1 access
  0,00    0,000000           0         1           execve
  0,00    0,000000           0         2         1 arch_prctl
  0,00    0,000000           0         1           set_tid_address
  0,00    0,000000           0         1           set_robust_list
  0,00    0,000000           0         1           rseq
------ ----------- ----------- --------- --------- ----------------
100,00    0,001261          30        42         2 total
