% time     seconds  usecs/call     calls    errors syscall
------ ----------- ----------- --------- --------- ----------------
 78,44    0,003554         507         7         3 wait4
  7,77    0,000352          88         4           clone
  6,05    0,000274          30         9           openat
  3,05    0,000138          27         5           dup2
  1,06    0,000048           3        13           write
  0,82    0,000037           1        37           rt_sigprocmask
  0,66    0,000030           1        26         3 newfstatat
  0,33    0,000015           3         5         1 access
  0,24    0,000011           0        13         1 fcntl
  0,22    0,000010           0        17         2 close
  0,18    0,000008           0        12           read
  0,18    0,000008           0        21           rt_sigaction
  0,18    0,000008           1         5           geteuid
  0,15    0,000007           1         5           getuid
  0,15    0,000007           3         2           pipe2
  0,13    0,000006           1         5           getgid
  0,13    0,000006           1         5           getegid
  0,09    0,000004           0         7           lseek
  0,09    0,000004           1         3           rt_sigreturn
  0,09    0,000004           0         6         6 ioctl
  0,00    0,000000           0        14           mmap
  0,00    0,000000           0         5           mprotect
  0,00    0,000000           0         1           munmap
  0,00    0,000000           0         3           brk
  0,00    0,000000           0         4           pread64
  0,00    0,000000           0         3           getpid
  0,00    0,000000           0         1           execve
  0,00    0,000000           0         1           uname
  0,00    0,000000           0         1           sysinfo
  0,00    0,000000           0         3           getppid
  0,00    0,000000           0         1           getpgrp
  0,00    0,000000           0         2         1 arch_prctl
  0,00    0,000000           0         1           futex
  0,00    0,000000           0         1           set_tid_address
  0,00    0,000000           0         1           set_robust_list
  0,00    0,000000           0         3           prlimit64
  0,00    0,000000           0         1           getrandom
  0,00    0,000000           0         1           rseq
------ ----------- ----------- --------- --------- ----------------
100,00    0,004531          17       254        17 total
