% time     seconds  usecs/call     calls    errors syscall
------ ----------- ----------- --------- --------- ----------------
 39,92    0,001128         564         2         1 arch_prctl
 15,29    0,000432          54         8           mmap
  8,81    0,000249          62         4           openat
  5,87    0,000166          41         4           pread64
  5,52    0,000156          39         4           mprotect
  4,46    0,000126          42         3           brk
  4,42    0,000125          41         3           newfstatat
  4,25    0,000120          60         2           read
  4,00    0,000113          28         4           close
  1,56    0,000044          44         1         1 access
  1,17    0,000033          33         1           munmap
  1,03    0,000029          29         1           set_tid_address
  0,96    0,000027          27         1           set_robust_list
  0,92    0,000026          26         1           prlimit64
  0,92    0,000026          26         1           getrandom
  0,92    0,000026          26         1           rseq
  0,00    0,000000           0         1           execve
------ ----------- ----------- --------- --------- ----------------
100,00    0,002826          67        42         2 total
